Precision: 0.7272727272727273
Recall: 0.6753246753246753
F1 Score: 0.7003367003367004
Accuracy: 0.9102370146243066
