Accuracy: 0.9102370146243066
Precision: 0.7272727272727273
Recall: 0.6753246753246753
F1 Score: 0.7003367003367004
Cross Validation Scores: [0.91427131 0.89712557 0.90968718 0.91170535 0.90312815]
