Precision: 0.7007575757575758
Recall: 0.6006493506493507
F1 Score: 0.646853146853147
Accuracy: 0.8981341401916288
Cross Validation Scores: [0.90015129 0.88653555 0.89858729 0.90363269 0.8925328 ]
