Accuracy: 0.8981341401916288
Precision: 0.7007575757575758
Recall: 0.6006493506493507
F1 Score: 0.646853146853147
